2.302548000000000000e+06
2.444412000000000000e+06
2.571238000000000000e+06
3.733628000000000000e+06
4.563268000000000000e+06
4.827723000000000000e+06
5.375194000000000000e+06
5.383248000000000000e+06
5.735762000000000000e+06
6.029239000000000000e+06
6.850504000000000000e+06
6.851425000000000000e+06
7.447200000000000000e+06
7.626506000000000000e+06
7.668663000000000000e+06
8.008067000000000000e+06
8.107380000000000000e+06
8.395660000000000000e+06
8.628758000000000000e+06
8.644288000000000000e+06
8.692861000000000000e+06
8.711794000000000000e+06
9.455325000000000000e+06
9.527334000000000000e+06
9.527915000000000000e+06
9.573539000000000000e+06
9.790806000000000000e+06
1.018701700000000000e+07
1.033751700000000000e+07
1.055261100000000000e+07
1.087826300000000000e+07
1.092510400000000000e+07
1.110038300000000000e+07
1.136164600000000000e+07
1.139402700000000000e+07
1.140299500000000000e+07
1.155169200000000000e+07
1.155443500000000000e+07
