1.161345000000000000e+06
1.718958000000000000e+06
1.865042000000000000e+06
2.299738000000000000e+06
2.302548000000000000e+06
2.304320000000000000e+06
2.438513000000000000e+06
2.441495000000000000e+06
2.444412000000000000e+06
2.571238000000000000e+06
2.692377000000000000e+06
2.831055000000000000e+06
2.849805000000000000e+06
2.853446000000000000e+06
2.970670000000000000e+06
2.985767000000000000e+06
2.989404000000000000e+06
3.102384000000000000e+06
3.129238000000000000e+06
3.328080000000000000e+06
3.440118000000000000e+06
3.446746000000000000e+06
3.541946000000000000e+06
3.544595000000000000e+06
3.545135000000000000e+06
3.733628000000000000e+06
3.852655000000000000e+06
3.934657000000000000e+06
4.048898000000000000e+06
4.049901000000000000e+06
4.149450000000000000e+06
4.164922000000000000e+06
4.180280000000000000e+06
4.278221000000000000e+06
4.349442000000000000e+06
4.365645000000000000e+06
4.472818000000000000e+06
4.563268000000000000e+06
4.644604000000000000e+06
4.644952000000000000e+06
4.813793000000000000e+06
4.827723000000000000e+06
4.840672000000000000e+06
4.857213000000000000e+06
4.947556000000000000e+06
4.991208000000000000e+06
5.020319000000000000e+06
5.084942000000000000e+06
5.088536000000000000e+06
5.185897000000000000e+06
5.253802000000000000e+06
5.272233000000000000e+06
5.339567000000000000e+06
5.369827000000000000e+06
5.375194000000000000e+06
5.383248000000000000e+06
5.612697000000000000e+06
5.613821000000000000e+06
5.652893000000000000e+06
5.683219000000000000e+06
5.688683000000000000e+06
5.695396000000000000e+06
5.709906000000000000e+06
5.735762000000000000e+06
5.794570000000000000e+06
5.796675000000000000e+06
5.809890000000000000e+06
5.859725000000000000e+06
5.881120000000000000e+06
5.941160000000000000e+06
5.946568000000000000e+06
5.959719000000000000e+06
6.020753000000000000e+06
6.021275000000000000e+06
6.029239000000000000e+06
6.058816000000000000e+06
6.062088000000000000e+06
6.063220000000000000e+06
6.153407000000000000e+06
6.184894000000000000e+06
6.198182000000000000e+06
6.265792000000000000e+06
6.278762000000000000e+06
6.289257000000000000e+06
6.307083000000000000e+06
6.362874000000000000e+06
6.442340000000000000e+06
6.467363000000000000e+06
6.523351000000000000e+06
6.527078000000000000e+06
6.541920000000000000e+06
6.605493000000000000e+06
6.607357000000000000e+06
6.678383000000000000e+06
6.717252000000000000e+06
6.752002000000000000e+06
6.752502000000000000e+06
6.763884000000000000e+06
6.779260000000000000e+06
6.839010000000000000e+06
6.850504000000000000e+06
6.851425000000000000e+06
6.938264000000000000e+06
6.974658000000000000e+06
7.100673000000000000e+06
7.106173000000000000e+06
7.115785000000000000e+06
7.202957000000000000e+06
7.211221000000000000e+06
7.256914000000000000e+06
7.259298000000000000e+06
7.269493000000000000e+06
7.273277000000000000e+06
7.287028000000000000e+06
7.295235000000000000e+06
7.335514000000000000e+06
7.419318000000000000e+06
7.447200000000000000e+06
7.455981000000000000e+06
7.509886000000000000e+06
7.610663000000000000e+06
7.626506000000000000e+06
7.661893000000000000e+06
7.668663000000000000e+06
7.673841000000000000e+06
7.746958000000000000e+06
7.762723000000000000e+06
7.887791000000000000e+06
7.905106000000000000e+06
7.906892000000000000e+06
7.967100000000000000e+06
7.976520000000000000e+06
8.008067000000000000e+06
8.016692000000000000e+06
8.081899000000000000e+06
8.095441000000000000e+06
8.105398000000000000e+06
8.107150000000000000e+06
8.107380000000000000e+06
8.142942000000000000e+06
8.145958000000000000e+06
8.222395000000000000e+06
8.240797000000000000e+06
8.277797000000000000e+06
8.278371000000000000e+06
8.280511000000000000e+06
8.359498000000000000e+06
8.394475000000000000e+06
8.395660000000000000e+06
8.415200000000000000e+06
8.454250000000000000e+06
8.456679000000000000e+06
8.480285000000000000e+06
8.488381000000000000e+06
8.552719000000000000e+06
8.557374000000000000e+06
8.581240000000000000e+06
8.628758000000000000e+06
8.644288000000000000e+06
8.644365000000000000e+06
8.653134000000000000e+06
8.692861000000000000e+06
8.711794000000000000e+06
8.738735000000000000e+06
8.741470000000000000e+06
8.750043000000000000e+06
8.753657000000000000e+06
8.766650000000000000e+06
8.802165000000000000e+06
8.804455000000000000e+06
8.827575000000000000e+06
8.894646000000000000e+06
8.962094000000000000e+06
9.002278000000000000e+06
9.006186000000000000e+06
9.011877000000000000e+06
9.139084000000000000e+06
9.177629000000000000e+06
9.209624000000000000e+06
9.221517000000000000e+06
9.266431000000000000e+06
9.283156000000000000e+06
9.334893000000000000e+06
9.364609000000000000e+06
9.455325000000000000e+06
9.458266000000000000e+06
9.468848000000000000e+06
9.471268000000000000e+06
9.489524000000000000e+06
9.527334000000000000e+06
9.527915000000000000e+06
9.569711000000000000e+06
9.573539000000000000e+06
9.579641000000000000e+06
9.597058000000000000e+06
9.597345000000000000e+06
9.602613000000000000e+06
9.655129000000000000e+06
9.702072000000000000e+06
9.704384000000000000e+06
9.718066000000000000e+06
9.790806000000000000e+06
9.822284000000000000e+06
9.881662000000000000e+06
9.885417000000000000e+06
9.886661000000000000e+06
9.898447000000000000e+06
9.909735000000000000e+06
9.950612000000000000e+06
9.963524000000000000e+06
9.995402000000000000e+06
1.000094100000000000e+07
1.002470100000000000e+07
1.005313800000000000e+07
1.006320800000000000e+07
1.013003900000000000e+07
1.015438800000000000e+07
1.015502900000000000e+07
1.015841800000000000e+07
1.018701700000000000e+07
1.019077700000000000e+07
1.022083700000000000e+07
1.025227500000000000e+07
1.031887400000000000e+07
1.031938500000000000e+07
1.033751700000000000e+07
1.035233300000000000e+07
1.038429800000000000e+07
1.038774200000000000e+07
1.039775100000000000e+07
1.053195500000000000e+07
1.054506600000000000e+07
1.055261100000000000e+07
1.065740600000000000e+07
1.067601400000000000e+07
1.072248500000000000e+07
1.073648900000000000e+07
1.074839000000000000e+07
1.077759100000000000e+07
1.087826300000000000e+07
1.091743300000000000e+07
1.092510400000000000e+07
1.097167400000000000e+07
1.098409000000000000e+07
1.101790100000000000e+07
1.106917600000000000e+07
1.107573700000000000e+07
1.110038300000000000e+07
1.112579700000000000e+07
1.119785300000000000e+07
1.124191200000000000e+07
1.125371100000000000e+07
1.135987900000000000e+07
1.136164600000000000e+07
1.139402700000000000e+07
1.139558700000000000e+07
1.140299500000000000e+07
1.144644300000000000e+07
1.154750500000000000e+07
1.154751300000000000e+07
1.155169200000000000e+07
1.155443500000000000e+07
1.156898700000000000e+07
1.160088900000000000e+07
1.165171200000000000e+07
1.170900600000000000e+07
1.175263200000000000e+07
1.176086000000000000e+07
1.176446200000000000e+07
1.177362500000000000e+07
1.181887200000000000e+07
1.192328400000000000e+07
1.195484200000000000e+07
1.197098800000000000e+07
1.206897500000000000e+07
1.207287200000000000e+07
1.210505100000000000e+07
1.225242400000000000e+07
1.230118100000000000e+07
1.240495400000000000e+07
1.245860500000000000e+07
1.250550300000000000e+07
1.255421200000000000e+07
1.278532000000000000e+07
