1.494809223000000031e+01
5.891976889999999578e+00
7.668120430000000098e+00
5.027127909999999922e+00
7.515154929999999567e+00
5.060149970000000330e+00
6.241842609999999958e+00
3.352155880000000199e+00
1.390504497000000050e+01
5.106712199999999591e+00
4.564731390000000388e+00
1.509233773000000056e+01
5.161355259999999667e+00
1.008492855000000077e+01
3.744702359999999786e+00
1.214473633999999969e+01
2.176381130000000219e+00
4.583785269999999912e+00
1.022883408999999943e+01
1.386768363999999920e+01
3.010737150000000195e+00
2.780723829999999897e+00
6.065071279999999732e+00
1.477690347000000060e+01
1.408835959999999998e+00
4.315859320000000388e+00
9.429031099999999554e+00
2.706218439999999781e+00
1.411418489999999970e+01
4.234419830000000218e+00
5.105701849999999986e+00
9.792183310000000418e+00
4.420089510000000388e+00
1.511886381000000057e+01
1.152892347999999956e+01
1.557510684000000012e+01
6.690938290000000066e+00
4.496332640000000325e+00
2.380779770000000184e+00
1.194240716999999918e+01
1.470322169999999984e+00
1.554553719999999917e+00
3.560512629999999845e+00
1.453553063999999928e+01
8.785424830000000185e+00
1.461786687000000029e+01
1.133896035000000069e+01
4.281844529999999871e+00
2.998319050000000097e+00
4.130387309999999701e+00
1.411032621999999925e+01
1.293292594000000051e+01
1.087773306000000062e+01
1.432971206000000031e+01
5.546275470000000318e+00
1.443794328999999976e+01
8.215030599999999517e-01
7.556968300000000305e+00
2.901565230000000106e+00
5.581060479999999657e+00
1.486926989999999948e+00
1.173869406000000026e+01
6.290531080000000053e+00
1.375679462999999991e+01
2.690839620000000210e+00
6.402906950000000208e+00
9.491454640000000609e+00
7.384826700000000077e-01
7.240310100000000304e-01
1.507910956999999996e+01
9.093453220000000670e+00
1.542153253000000035e+01
4.590716330000000234e+00
2.974644619999999851e+00
1.520796145000000088e+01
4.754371840000000127e+00
1.318063416000000032e+01
1.218487688999999996e+01
1.590631089000000031e+01
1.045467851999999986e+01
1.310366742999999978e+01
1.487056899000000065e+01
1.152120283000000001e+01
4.950460859999999741e+00
