6.211500000000000021e+00
9.022999999999999909e-01
9.022999999999999909e-01
9.022999999999999909e-01
9.022999999999999909e-01
9.022999999999999909e-01
9.022999999999999909e-01
4.360199999999999854e+00
7.426899999999999835e+00
7.426899999999999835e+00
7.318699999999999761e+00
4.010100000000000442e+00
7.413999999999999480e-01
7.413999999999999480e-01
2.018200000000000216e+00
3.107400000000000162e+00
2.489399999999999835e+00
1.444800000000000084e+00
2.187100000000000044e+00
2.187100000000000044e+00
1.282100000000000017e+00
1.282100000000000017e+00
2.580700000000000216e+00
5.407499999999999751e+00
3.261600000000000055e+00
6.887999999999999678e-01
6.887999999999999678e-01
1.761300000000000088e+00
1.761300000000000088e+00
3.505199999999999871e+00
3.505199999999999871e+00
3.505199999999999871e+00
2.061100000000000154e+00
2.061100000000000154e+00
9.214999999999999858e-01
4.613599999999999923e+00
4.613599999999999923e+00
6.935200000000000031e+00
6.935200000000000031e+00
6.761099999999999888e+00
6.761099999999999888e+00
5.718300000000000161e+00
5.070000000000000062e-01
5.070000000000000062e-01
5.070000000000000062e-01
2.079800000000000093e+00
6.257100000000000328e+00
6.902899999999999814e+00
5.837500000000000355e+00
5.837500000000000355e+00
1.913999999999999924e+00
1.550000000000000044e+00
5.279799999999999827e+00
5.279799999999999827e+00
5.279799999999999827e+00
7.497300000000000075e+00
4.229700000000000237e+00
4.229700000000000237e+00
3.078699999999999992e+00
3.078699999999999992e+00
3.078699999999999992e+00
3.078699999999999992e+00
3.078699999999999992e+00
9.452000000000000401e-01
6.034299999999999997e+00
6.034299999999999997e+00
4.251199999999999868e+00
5.438200000000000145e+00
5.438200000000000145e+00
8.566499999999999559e+00
1.046599999999999975e+00
7.341300000000000381e+00
7.909200000000000230e+00
7.909200000000000230e+00
7.909200000000000230e+00
1.940900000000000070e+00
1.940900000000000070e+00
1.940900000000000070e+00
4.389100000000000001e+00
3.616099999999999870e+00
8.094000000000000083e-01
4.381999999999999673e+00
9.034999999999999698e-01
3.608499999999999819e+00
