1.430893000000000000e+06 6.000000000000000000e+00
1.572558000000000000e+06 1.000000000000000000e+00
1.572558000000000000e+06 2.000000000000000000e+00
1.572558000000000000e+06 3.000000000000000000e+00
1.572558000000000000e+06 4.000000000000000000e+00
1.572558000000000000e+06 5.000000000000000000e+00
1.572558000000000000e+06 6.000000000000000000e+00
1.849714000000000000e+06 0.000000000000000000e+00
1.870480000000000000e+06 0.000000000000000000e+00
1.870480000000000000e+06 2.000000000000000000e+00
2.303304000000000000e+06 4.000000000000000000e+00
3.103752000000000000e+06 6.000000000000000000e+00
3.218009000000000000e+06 0.000000000000000000e+00
3.218009000000000000e+06 3.000000000000000000e+00
3.558958000000000000e+06 3.000000000000000000e+00
3.630375000000000000e+06 7.000000000000000000e+00
3.640606000000000000e+06 4.000000000000000000e+00
3.750964000000000000e+06 7.000000000000000000e+00
3.940372000000000000e+06 4.000000000000000000e+00
3.940372000000000000e+06 5.000000000000000000e+00
3.973141000000000000e+06 1.000000000000000000e+00
3.973141000000000000e+06 2.000000000000000000e+00
4.136992000000000000e+06 1.000000000000000000e+00
4.445785000000000000e+06 1.000000000000000000e+00
4.673009000000000000e+06 0.000000000000000000e+00
4.736294000000000000e+06 5.000000000000000000e+00
4.736294000000000000e+06 7.000000000000000000e+00
4.770008000000000000e+06 2.000000000000000000e+00
4.770008000000000000e+06 6.000000000000000000e+00
4.851427000000000000e+06 0.000000000000000000e+00
4.851427000000000000e+06 1.000000000000000000e+00
4.851427000000000000e+06 2.000000000000000000e+00
4.861448000000000000e+06 3.000000000000000000e+00
4.861448000000000000e+06 7.000000000000000000e+00
5.008373000000000000e+06 0.000000000000000000e+00
5.036291000000000000e+06 3.000000000000000000e+00
5.036291000000000000e+06 4.000000000000000000e+00
5.037114000000000000e+06 1.000000000000000000e+00
5.037114000000000000e+06 2.000000000000000000e+00
5.080003000000000000e+06 4.000000000000000000e+00
5.080003000000000000e+06 5.000000000000000000e+00
5.097045000000000000e+06 0.000000000000000000e+00
5.213532000000000000e+06 1.000000000000000000e+00
5.213532000000000000e+06 2.000000000000000000e+00
5.213532000000000000e+06 6.000000000000000000e+00
5.283399000000000000e+06 0.000000000000000000e+00
5.353137000000000000e+06 0.000000000000000000e+00
5.430495000000000000e+06 6.000000000000000000e+00
5.443536000000000000e+06 1.000000000000000000e+00
5.443536000000000000e+06 4.000000000000000000e+00
5.469689000000000000e+06 3.000000000000000000e+00
5.565179000000000000e+06 1.000000000000000000e+00
5.612188000000000000e+06 0.000000000000000000e+00
5.612188000000000000e+06 1.000000000000000000e+00
5.612188000000000000e+06 2.000000000000000000e+00
5.718327000000000000e+06 2.000000000000000000e+00
5.774607000000000000e+06 3.000000000000000000e+00
5.774607000000000000e+06 4.000000000000000000e+00
5.858361000000000000e+06 2.000000000000000000e+00
5.858361000000000000e+06 4.000000000000000000e+00
5.858361000000000000e+06 5.000000000000000000e+00
5.858361000000000000e+06 6.000000000000000000e+00
5.858361000000000000e+06 7.000000000000000000e+00
5.953179000000000000e+06 0.000000000000000000e+00
5.989157000000000000e+06 0.000000000000000000e+00
5.989157000000000000e+06 1.000000000000000000e+00
6.186054000000000000e+06 2.000000000000000000e+00
6.205405000000000000e+06 0.000000000000000000e+00
6.205405000000000000e+06 6.000000000000000000e+00
6.306891000000000000e+06 0.000000000000000000e+00
6.526689000000000000e+06 6.000000000000000000e+00
6.528650000000000000e+06 5.000000000000000000e+00
6.529892000000000000e+06 0.000000000000000000e+00
6.529892000000000000e+06 4.000000000000000000e+00
6.529892000000000000e+06 5.000000000000000000e+00
6.600771000000000000e+06 0.000000000000000000e+00
6.600771000000000000e+06 3.000000000000000000e+00
6.600771000000000000e+06 4.000000000000000000e+00
6.671020000000000000e+06 7.000000000000000000e+00
6.680622000000000000e+06 2.000000000000000000e+00
6.757116000000000000e+06 2.000000000000000000e+00
6.768036000000000000e+06 0.000000000000000000e+00
6.775103000000000000e+06 4.000000000000000000e+00
6.792473000000000000e+06 6.000000000000000000e+00
