0.000000000000000000e+00
1.000000000000000000e+00
2.000000000000000000e+00
3.000000000000000000e+00
4.000000000000000000e+00
5.000000000000000000e+00
6.000000000000000000e+00
6.016306619065493244e+00
6.019643154475519786e+00
6.033638615696003349e+00
6.092251709038097651e+00
6.096696481543490087e+00
6.100695989743400993e+00
6.114288468040137481e+00
6.117365246908530452e+00
6.132782761087425705e+00
6.185983608790730059e+00
6.195968161010991793e+00
6.200218099360728097e+00
6.214419626738442837e+00
6.274851830991953427e+00
6.288111621727533240e+00
6.297947272376837269e+00
6.316406142634497733e+00
6.437506502214791482e+00
6.503306766262891614e+00
6.507255049488013476e+00
6.508397696008406008e+00
6.526566450244368767e+00
6.561814270705272456e+00
6.590614754275152976e+00
6.594565153181884298e+00
6.629471773201937701e+00
6.673302197560143867e+00
6.674057609395163126e+00
6.686446906229886800e+00
6.688679831348387950e+00
6.794161761325637094e+00
6.798934496191866295e+00
6.835166578044150398e+00
6.838525472002982220e+00
6.950208134350075007e+00
6.981655079225242311e+00
6.984196729638782131e+00
6.984980288522327108e+00
7.000000000000000000e+00
7.023448880766316016e+00
7.023841109921551862e+00
7.039930054504957013e+00
7.040985725384051541e+00
7.096155938207577840e+00
7.102060700725414399e+00
7.104580948845298671e+00
7.251099294992807920e+00
7.345055915296411442e+00
7.392634953847467827e+00
7.411504024296679205e+00
7.478525731345125216e+00
7.493546804453922405e+00
7.563751536753339444e+00
7.581907578967528316e+00
7.615481699107655267e+00
7.651418340455358624e+00
7.677379811484353667e+00
7.687357270084672400e+00
7.768016610826451007e+00
7.788325216969977483e+00
7.906707239752962302e+00
8.012148767918679582e+00
8.111252699368661112e+00
8.128568594145241022e+00
8.165801882150944380e+00
8.177264704879117829e+00
8.177441622770533769e+00
8.187131656335521868e+00
8.237124003075027900e+00
8.400728739451082561e+00
8.566309673147916470e+00
8.958992841654001893e+00
9.049179752666391963e+00
9.231019220644528289e+00
9.365254936968044674e+00
9.473156104002436351e+00
1.042652052282086927e+01
1.070652136874211280e+01
1.490190588287851803e+01
1.783531114544170038e+01
1.969415150097569622e+01
2.030391533736590404e+01
2.844026623246665153e+01
2.934613390008989597e+01
2.997195690254665124e+01
1.430893000000000000e+06
1.572558000000000000e+06
1.849714000000000000e+06
1.870480000000000000e+06
2.303304000000000000e+06
3.103752000000000000e+06
3.218009000000000000e+06
3.558958000000000000e+06
3.630375000000000000e+06
3.640606000000000000e+06
3.750964000000000000e+06
3.940372000000000000e+06
3.973141000000000000e+06
4.136992000000000000e+06
4.445785000000000000e+06
4.673009000000000000e+06
4.736294000000000000e+06
4.770008000000000000e+06
4.851427000000000000e+06
4.861448000000000000e+06
5.008373000000000000e+06
5.036291000000000000e+06
5.037114000000000000e+06
5.080003000000000000e+06
5.097045000000000000e+06
5.213532000000000000e+06
5.283399000000000000e+06
5.353137000000000000e+06
5.430495000000000000e+06
5.443536000000000000e+06
5.469689000000000000e+06
5.565179000000000000e+06
5.612188000000000000e+06
5.718327000000000000e+06
5.774607000000000000e+06
5.858361000000000000e+06
5.953179000000000000e+06
5.989157000000000000e+06
6.186054000000000000e+06
6.205405000000000000e+06
6.306891000000000000e+06
6.526689000000000000e+06
6.528650000000000000e+06
6.529892000000000000e+06
6.600771000000000000e+06
6.671020000000000000e+06
6.680622000000000000e+06
6.757116000000000000e+06
6.768036000000000000e+06
6.775103000000000000e+06
6.792473000000000000e+06
